,Year,Positive,Negative,Neutral
0,2024.0,0.303,0.054,0.643
1,2023.0,0.296,0.044,0.66
2,2022.0,0.288,0.049,0.663
3,2021.0,0.295,0.047,0.658
4,2020.0,0.293,0.045,0.662
5,2019.0,0.297,0.049,0.654
6,2018.0,0.308,0.06,0.632
7,2017.0,0.299,0.047,0.654
8,2016.0,0.32,0.04,0.64
9,2015.0,0.306,0.046,0.648
10,2014.0,0.274,0.038,0.688
11,2013.0,0.285,0.047,0.668
12,2012.0,0.297,0.037,0.666
13,2011.0,0.292,0.042,0.666
14,2010.0,0.258,0.034,0.709
15,2009.0,0.242,0.017,0.741
